Scene: Untitled
GameObjects:
  - Name: Dashparticle
    UUID: 14396861622596111719
    Active: true
    Layer: Default
    Type: Effect
    PassIndex: 1
    BillBord: false
    Com_Transform:
      Translation: [0.638000011, 0.392196596, 0.205889747]
      Rotation: [21.1604996, -13.9838915, 4.39923014e-07]
      Scale: [0.999824464, 0.999904633, 0.999772131]
    Com_PointInstance:
      {}
    Com_RectInstance:
      Shape: 0
      InstNum: 40
      Color: [1, 0.881455183, 0.351697057, 0]
      Speed: 3
      LifeTime: 0.5
      Size: 0.300000012
      StartRadian: 30
      RadiationAngle: 30
      LerpColor: true
      SrcColor: [1, 0.782608688, 0, 0]
      DestColor: [1, 0.896660328, 0.405797124, 0]
    Effect_Setting:
      TextureDiffusePath: ""
      TextureMaskPath: ..\..\Assets\Textures\Effect\Mask\FX_fire_5.png
      TextureNoisePath: ""
      TextureNormalPath: ""
      ScrollSpeedX: [0, 0, 0]
      ScrollSpeedY: [1.29999995, 2.0999999, 2.29999995]
      Distortion1: [0.100000001, 0.200000003]
      Distortion2: [0.100000001, 0.300000012]
      Distortion3: [0.100000001, 0.100000001]
      DistortionScale: 0.800000012
      DistortionBias: 0.5
      FadeOut: true
      FadeOutDuration: 0.5
      FadeOutStratTime: 0
      FadeIn: false
      FadeInDuration: 0
      FadeInStratTime: 0
      EffectDuration: 0.5
      SpriteNumX: 0
      SpriteNumY: 0
      SpriteTotal: 0
      SpriteSpeed: 5
      OffsetColor: [0, 0, 0, 0]