Scene: Untitled
GameObjects:
  - Name: E_IBlood
    UUID: 9503067381276588604
    Active: true
    Layer: Default
    Type: Effect
    PassIndex: 0
    BillBord: false
    Com_Transform:
      Translation: [0, 0, 0]
      Rotation: [175.499985, 84.9000015, -133.699997]
      Scale: [0.999825835, 0.999989748, 0.999993861]
    Com_RectInstance:
      Shape: 1
      InstNum: 11
      Color: [0.790625274, 0.00944183208, 0, 0]
      Speed: 10
      LifeTime: 1.20000005
      Size: 0.0500000007
      StartRadian: 0
      RadiationAngle: 0
      LerpColor: true
      SrcColor: [0.536231875, 0.0233144239, 0, 0]
      DestColor: [0.963768125, 0, 0, 0]
    Effect_Setting:
      TextureDiffusePath: ..\..\Assets\Textures\Effect\Diffuse\001.dds
      TextureMaskPath: ..\..\Assets\Textures\Effect\Mask\FX_blood_005_TEX_CJH_1.png
      TextureNoisePath: ""
      TextureNormalPath: ""
      ScrollSpeedX: [2.29999995, 0, 0]
      ScrollSpeedY: [1.29999995, 2.0999999, 2.29999995]
      Distortion1: [0.100000001, 0.200000003]
      Distortion2: [0.100000001, 0.300000012]
      Distortion3: [0.100000001, 0.100000001]
      DistortionScale: 0
      DistortionBias: 0
      FadeOut: false
      FadeOutDuration: 0
      FadeOutStratTime: 0
      FadeIn: false
      FadeInDuration: 0
      FadeInStratTime: 0
      EffectDuration: 0
      SpriteNumX: 0
      SpriteNumY: 0
      SpriteTotal: 0
      SpriteSpeed: 5
      Alpha: 1