Scene: Untitled
GameObjects:
  - Name: E_IIBlood
    UUID: 9503067381276588604
    Active: true
    Layer: Default
    Type: Effect
    PassIndex: 0
    BillBord: true
    Com_Transform:
      Translation: [0, 2.86560775e-09, 5.73121495e-10]
      Rotation: [11.3099318, -0, 0]
      Scale: [0.998568833, 1.00059807, 1.00124466]
    Com_RectInstance:
      Shape: 1
      InstNum: 19
      Color: [0.74913311, 0.0312044602, 0, 0]
      Speed: 2.79999995
      LifeTime: 0.699999988
      Size: 0.300000012
      StartRadian: 0
      RadiationAngle: 1.10000002
      LerpColor: true
      SrcColor: [0.753623188, 0.0327662192, 0, 0]
      DestColor: [0.659420252, 0, 0, 0]
    Effect_Setting:
      TextureDiffusePath: ..\..\Assets\Textures\Effect\Diffuse\001.dds
      TextureMaskPath: ..\..\Assets\Textures\Effect\Mask\FX_Blood_003_TEX_KKJ.tga
      TextureNoisePath: ""
      TextureNormalPath: ""
      ScrollSpeedX: [2.29999995, 0, 0]
      ScrollSpeedY: [1.29999995, 2.0999999, 2.29999995]
      Distortion1: [0.100000001, 0.200000003]
      Distortion2: [0.100000001, 0.300000012]
      Distortion3: [0.100000001, 0.100000001]
      DistortionScale: 0
      DistortionBias: 0
      FadeOut: false
      FadeOutDuration: 0
      FadeOutStratTime: 0
      FadeIn: false
      FadeInDuration: 0
      FadeInStratTime: 0
      EffectDuration: 0
      SpriteNumX: 0
      SpriteNumY: 0
      SpriteTotal: 0
      SpriteSpeed: 5
      Alpha: 1