Scene: Untitled
GameObjects:
  - Name: E_IIBlood
    UUID: 4452954471630940104
    Active: true
    Layer: Default
    Type: Effect
    PassIndex: 0
    BillBord: false
    Com_Transform:
      Translation: [0, 0, 0]
      Rotation: [-166.09024, 5.90100288, -179.999893]
      Scale: [0.99855417, 1.0005976, 1.0012449]
    Com_RectInstance:
      Shape: 1
      InstNum: 76
      Color: [0.573910356, -0.029742565, 0, 0]
      Speed: 1.79999995
      LifeTime: 2.0999999
      Size: 0.699999988
      StartRadian: 1.5
      RadiationAngle: 1.10000002
      LerpColor: true
      SrcColor: [0.753623188, 0.0327662192, 0, 0]
      DestColor: [0.659420252, 0, 0, 0]
    Effect_Setting:
      TextureDiffusePath: ..\..\Assets\Textures\Effect\Diffuse\001.dds
      TextureMaskPath: ..\..\Assets\Textures\Effect\Mask\FX_blood_005_TEX_CJH_1.png
      TextureNoisePath: ""
      TextureNormalPath: ""
      ScrollSpeedX: [2.29999995, 0, 0]
      ScrollSpeedY: [1.29999995, 2.0999999, 2.29999995]
      Distortion1: [0.100000001, 0.200000003]
      Distortion2: [0.100000001, 0.300000012]
      Distortion3: [0.100000001, 0.100000001]
      DistortionScale: 0
      DistortionBias: 0
      FadeOut: false
      FadeOutDuration: 0
      FadeOutStratTime: 0
      FadeIn: false
      FadeInDuration: 0
      FadeInStratTime: 0
      EffectDuration: 0
      SpriteNumX: 0
      SpriteNumY: 0
      SpriteTotal: 0
      SpriteSpeed: 5
      Alpha: 1