Scene: Untitled
GameObjects:
  - Name: E_InsDust
    UUID: 13883344407407796782
    Active: true
    Layer: Default
    Type: Effect
    PassIndex: 0
    BillBord: false
    Com_Transform:
      Translation: [0, 0, 0]
      Rotation: [90, -0, 0]
      Scale: [0.997606635, 0.999550641, 0.999483049]
    Com_RectInstance:
      Shape: 0
      InstNum: 27
      Color: [0.31291163, 0.31291163, 0.31291163, 0]
      Speed: 5.4000001
      LifeTime: 1.5
      Size: 0.5
      StartRadian: 0
      RadiationAngle: 30
      LerpColor: true
      SrcColor: [0.521739125, 0.521739125, 0.521739125, 0]
      DestColor: [0, 0, 0, 0]
    Effect_Setting:
      TextureDiffusePath: ""
      TextureMaskPath: ..\..\Assets\Textures\Effect\Mask\FX_blizzardDecal_01_TEX_KJS.png
      TextureNoisePath: ""
      TextureNormalPath: ""
      ScrollSpeedX: [0, 0, 0]
      ScrollSpeedY: [1.29999995, 2.0999999, 2.29999995]
      Distortion1: [0.100000001, 0.200000003]
      Distortion2: [0.100000001, 0.300000012]
      Distortion3: [0.100000001, 0.100000001]
      DistortionScale: 0.800000012
      DistortionBias: 0.5
      FadeOut: false
      FadeOutDuration: 0
      FadeOutStratTime: 0
      FadeIn: false
      FadeInDuration: 0
      FadeInStratTime: 0
      EffectDuration: 0
      SpriteNumX: 0
      SpriteNumY: 0
      SpriteTotal: 0
      SpriteSpeed: 5
      Alpha: 1