Scene: Untitled
GameObjects:
  - Name: E_RockEff
    UUID: 6110740209620566118
    Active: true
    Layer: Default
    Type: Effect
    PassIndex: 0
    BillBord: false
    Com_Transform:
      Translation: [0, 0, 0]
      Rotation: [0, -0, 0]
      Scale: [1, 1, 1]
    Com_RectInstance:
      Shape: 0
      InstNum: 100
      Color: [1, 1.03169227, 1.13584793, 0]
      Speed: 5.4000001
      LifeTime: 1.89999998
      Size: 2.20000005
      StartRadian: 12.1000004
      RadiationAngle: 30
      LerpColor: true
      SrcColor: [1, 0.758033991, 0.304347813, 0]
      DestColor: [1, 0.946439803, 0.876811624, 0]
    Effect_Setting:
      TextureDiffusePath: ""
      TextureMaskPath: ..\..\Assets\Textures\Effect\Mask\FX_Smoke_001_TEX_PHS.png
      TextureNoisePath: ""
      TextureNormalPath: ""
      ScrollSpeedX: [0, 0, 0]
      ScrollSpeedY: [1.29999995, 2.0999999, 2.29999995]
      Distortion1: [0.100000001, 0.200000003]
      Distortion2: [0.100000001, 0.300000012]
      Distortion3: [0.100000001, 0.100000001]
      DistortionScale: 0.800000012
      DistortionBias: 0.5
      FadeOut: false
      FadeOutDuration: 0
      FadeOutStratTime: 0
      FadeIn: false
      FadeInDuration: 0
      FadeInStratTime: 0
      EffectDuration: 0
      SpriteNumX: 0
      SpriteNumY: 0
      SpriteTotal: 0
      SpriteSpeed: 5
      OffsetColor: [1, 0.747952104, 0.275362313, -0.100000001]