Scene: Untitled
GameObjects:
  - Name: 00MovieCamera
    UUID: 3264535467397967066
    Active: true
    Layer: Default
    Instancing: false
    Type: Camera
    Com_Transform:
      Translation: [-3.3957696, 2.25339055, -2.54478407]
      Rotation: [-158.467407, 54.1322403, 180]
      Scale: [0.99982059, 0.999854743, 0.999918103]
    IsWait: false
    IsBack: false
    MoveTime: 3
    WaitTime: 0
    Movie: 0
    NextIdx: 2
    SrcPosition: [0, 0.5, -16]
    DestPosition: [-3.42600012, 2.26900005, -2.42499995]
    SrcLookPosition: [0, 0, 0]
    DestLookPosition: [0, 0.600000024, -5]
  - Name: 01ZoomCamera
    UUID: 6839259833881903526
    Active: true
    Layer: Default
    Instancing: false
    Type: Camera
    Com_Transform:
      Translation: [0.157029197, 1.00105131, -2.59985495]
      Rotation: [-170.533661, -3.74323297, -179.999893]
      Scale: [0.999646008, 0.999955416, 0.99988395]
    IsWait: true
    IsBack: false
    MoveTime: 0.25
    WaitTime: 2
    Movie: 0
    NextIdx: 0
    SrcPosition: [-3.42600012, 2.26900005, -2.42499995]
    DestPosition: [0.159999996, 1, -2.5999999]
    SrcLookPosition: [0, 0, 0]
    DestLookPosition: [0, 0.600000024, -5]
  - Name: 02UsraCamera
    UUID: 468078313653918437
    Active: true
    Layer: Default
    Instancing: false
    Type: Camera
    Com_Transform:
      Translation: [0.991658866, 1, -2.93327093]
      Rotation: [180, -18.8737812, 180]
      Scale: [0.999601662, 0.999857426, 0.999890983]
    IsWait: true
    IsBack: false
    MoveTime: 1.5
    WaitTime: 2
    Movie: 0
    NextIdx: 0
    Slerp: false
    SrcPosition: [-1, 1, 5]
    DestPosition: [0, 0.5, -3]
    SrcLookPosition: [0, 0, 0]
    DestLookPosition: [0, 0.5, -4]
  - Name: 03Camera
    UUID: 2052010604692308703
    Active: true
    Layer: Default
    Instancing: false
    Type: Camera
    Com_Transform:
      Translation: [0, 1.99169612, 29.9169617]
      Rotation: [21.3968258, -0, 0]
      Scale: [0.999998808, 0.999981344, 0.999999523]
    IsWait: true
    IsBack: false
    MoveTime: 2
    WaitTime: 2.5
    Movie: 0
    NextIdx: 0
    Slerp: true
    SrcPosition: [0, 1, 20]
    DestPosition: [-2.5, 2, 30]
    SrcLookPosition: [0, 0, 0]
    DestLookPosition: [0, 0, 35]